Title: The ALMA Survey of 70 um Dark High-mass Clumps in Early Stages
    (ASHES). Xi. Statistical Study of Early Fragmentation 
Authors: Morii K., Sanhueza P., Zhang Q., Nakamura F., Li S., Sabatini G., 
    Olguin F.A., Beuther H., Tafoya D., Izumi N., Tatematsu K., Sakai T. 
Table: Sub-clump Physical Parameters
================================================================================
Byte-by-byte Description of file: datafile3.txt
--------------------------------------------------------------------------------
   Bytes Format Units    Label         Explanations
--------------------------------------------------------------------------------
   1-  3 I3     ---      ID            Sequential identifier
   5- 19 A15    ---      Clump         Clump ATLASGAL catalog name
  21- 21 I1     ---      Subclump      ID of the sub-clump
  23- 27 F5.1   Msun     Mass          Mass
  29- 33 F5.3   pc       Radius        Sub-clump radius; geometric mean of the FWHM divided by 2.
  35- 38 F4.2   g.cm-2   Sigma         Surface density
  40- 44 F5.2   cm-3     n(H2)         Mean volume density
  46- 50 F5.3   pc       LJth          Thermal Jeans length of the sub-clump
  52- 55 F4.2   Msun     MJth          Thermal Jeans mass of the sub-clump
  57- 58 I2     ---      N(Boundcore)  Number of gravitationally bound cores inside the sub-clump
--------------------------------------------------------------------------------
  0 G010.991-00.082 1  15.0 0.064 0.24  4.45 0.048 0.76  3 
  1 G010.991-00.082 2   9.0 0.041 0.35  2.56 0.032 0.5   0 
  2 G010.991-00.082 3  25.3 0.07  0.34  1.95 0.041 0.66  8 
  3 G014.492-00.139 1  69.4 0.059 1.33  4.45 0.02  0.35  5 
  4 G014.492-00.139 2  26.2 0.039 1.12  2.56 0.018 0.31  3 
  5 G014.492-00.139 3  16.4 0.043 0.60  1.95 0.026 0.45  0 
  6 G015.203-00.441 1  13.4 0.046 0.41  4.45 0.04  1.07  0 
  7 G015.203-00.441 2   3.3 0.031 0.22  2.56 0.045 1.19  0 
  8 G015.203-00.441 3   1.1 0.017 0.23  1.95 0.033 0.87  0 
  9 G015.203-00.441 4   3.4 0.042 0.13  7.23 0.069 1.85  0 
 10 G015.203-00.441 5   1.3 0.029 0.10 11.72 0.064 1.73  0 
 11 G015.203-00.441 6   0.6 0.021 0.09 14.69 0.056 1.5   0 
 12 G016.974-00.222 1   7.4 0.06  0.14  4.45 0.063 1.08  1 
 13 G016.974-00.222 2   5.2 0.043 0.19  2.56 0.046 0.78  0 
 14 G016.974-00.222 3   2.1 0.031 0.15  1.95 0.044 0.75  1 
 15 G016.974-00.222 4   2.5 0.036 0.13  7.23 0.05  0.86  0 
 16 G018.801-00.297 1  61.3 0.09  0.50  4.45 0.041 0.73  0 
 17 G018.801-00.297 2  40.6 0.134 0.15  2.56 0.092 1.62  4 
 18 G018.931-00.029 1  11.3 0.06  0.21  4.45 0.065 1.79  1 
 19 G018.931-00.029 2   8.2 0.061 0.14  2.56 0.079 2.18  0 
 20 G018.931-00.029 3   7.8 0.066 0.12  1.95 0.091 2.5   0 
 21 G018.931-00.029 4  11.5 0.095 0.09  7.23 0.127 3.52  0 
 22 G022.253+00.032 1  41.8 0.157 0.11  4.45 0.117 2.15  0 
 23 G022.253+00.032 2   7.0 0.079 0.07  2.56 0.101 1.86  0 
 24 G022.253+00.032 3   2.3 0.049 0.06  1.95 0.087 1.6   0 
 25 G022.692-00.452 1  22.4 0.077 0.25  4.45 0.063 1.5   2 
 26 G022.692-00.452 2   9.5 0.06  0.18  2.56 0.066 1.57  1 
 27 G022.692-00.452 3   7.5 0.064 0.12  1.95 0.083 1.99  1 
 28 G022.692-00.452 4   6.1 0.067 0.09  7.23 0.096 2.3   0 
 29 G023.477+00.114 1 213.0 0.173 0.47  4.45 0.06  1.11  9 
 30 G023.477+00.114 2  52.7 0.116 0.26  2.56 0.067 1.23  0 
 31 G024.010+00.489 1 194.6 0.14  0.66  4.45 0.044 0.74  5 
 32 G024.010+00.489 2   7.4 0.066 0.11  2.56 0.072 1.21  1 
 33 G024.524-00.139 1 125.6 0.136 0.45  4.45 0.053 0.92  8 
 34 G024.524-00.139 2  13.1 0.065 0.21  2.56 0.054 0.95  1 
 35 G025.163-00.304 1  75.3 0.118 0.36  4.45 0.055 0.95 10 
 36 G025.163-00.304 2  14.7 0.058 0.29  2.56 0.043 0.73  2 
 37 G028.273-00.167 1 107.9 0.131 0.42  4.45 0.049 0.72  6 
 38 G028.273-00.167 2  72.8 0.118 0.35  2.56 0.051 0.74  4 
 39 G028.273-00.167 3  12.0 0.055 0.27  1.95 0.04  0.58  2 
 40 G028.273-00.167 4   7.5 0.049 0.21  7.23 0.042 0.61  1 
 41 G028.541-00.237 1  29.8 0.087 0.26  4.45 0.058 1.07  3 
 42 G028.541-00.237 2  22.0 0.095 0.16  2.56 0.076 1.41  1 
 43 G028.541-00.237 3   6.9 0.051 0.18  1.95 0.053 0.98  2 
 44 G028.541-00.237 4   4.3 0.039 0.19  7.23 0.045 0.83  2 
 45 G028.564-00.236 1 111.8 0.08  1.15  4.45 0.025 0.42  4 
 46 G028.564-00.236 2  64.7 0.083 0.62  2.56 0.035 0.59  4 
 47 G028.564-00.236 3  22.2 0.048 0.63  1.95 0.026 0.44  2 
 48 G028.564-00.236 4  20.1 0.054 0.46  7.23 0.032 0.55  0 
 49 G028.564-00.236 5  39.8 0.074 0.48 11.72 0.037 0.63  5 
 50 G028.564-00.236 6  15.7 0.047 0.48 14.69 0.03  0.5   0 
 51 G028.564-00.236 7  13.0 0.05  0.35  1.59 0.036 0.6   1 
 52 G028.927+00.394 1  94.2 0.171 0.21  4.45 0.094 1.92  5 
 53 G028.927+00.394 2  11.6 0.091 0.09  2.56 0.103 2.12  0 
 54 G028.927+00.394 3   2.7 0.056 0.06  1.95 0.103 2.11  0 
 55 G030.704+00.104 1  57.0 0.115 0.29  4.45 0.065 1.31  2 
 56 G030.704+00.104 2  14.0 0.06  0.26  2.56 0.05  0.99  1 
 57 G030.704+00.104 3   3.9 0.038 0.18  1.95 0.048 0.96  1 
 58 G030.704+00.104 4   4.7 0.058 0.09  7.23 0.082 1.63  1 
 59 G030.704+00.104 5   5.0 0.058 0.10 11.72 0.08  1.59  0 
 60 G030.704+00.104 6   5.3 0.075 0.06 14.69 0.112 2.23  1 
 61 G030.913+00.719 1  44.1 0.113 0.23  4.45 0.066 1.09  6 
 62 G030.913+00.719 2   2.1 0.041 0.08  2.56 0.066 1.1   0 
 63 G033.331-00.531 1  75.6 0.166 0.18  4.45 0.096 1.82  5 
 64 G033.331-00.531 2   8.3 0.079 0.09  2.56 0.096 1.82  0 
 65 G033.331-00.531 3   6.2 0.073 0.08  1.95 0.099 1.88  2 
 66 G034.133+00.076 1   3.4 0.029 0.27  4.45 0.035 0.74  2 
 67 G034.133+00.076 2   2.7 0.026 0.27  2.56 0.033 0.7   2 
 68 G034.133+00.076 3   9.0 0.076 0.10  1.95 0.091 1.94  1 
 69 G034.133+00.076 4   1.0 0.043 0.04  7.23 0.116 2.47  0 
 70 G034.169+00.089 1   1.1 0.028 0.09  4.45 0.061 1.45  1 
 71 G034.169+00.089 2   7.0 0.08  0.07  2.56 0.117 2.8   0 
 72 G034.169+00.089 3   1.3 0.033 0.08  1.95 0.073 1.74  1 
 73 G034.169+00.089 4   2.3 0.051 0.06  7.23 0.105 2.5   0 
 74 G034.739-00.119 1 115.1 0.136 0.41  4.45 0.055 0.92  9 
 75 G034.739-00.119 2  21.1 0.094 0.16  2.56 0.074 1.25  4 
 76 G034.739-00.119 3   8.4 0.071 0.11  1.95 0.076 1.28  4 
 77 G036.666-00.114 1   7.9 0.036 0.39  4.45 0.03  0.53  2 
 78 G036.666-00.114 2   9.8 0.044 0.34  2.56 0.035 0.62  1 
 79 G036.666-00.114 3   2.8 0.045 0.09  1.95 0.068 1.21  1 
 80 G305.794-00.096 1 199.8 0.155 0.55  4.45 0.056 1.2  18 
 81 G305.794-00.096 2  47.3 0.089 0.40  2.56 0.05  1.07  0 
 82 G305.794-00.096 3  12.2 0.041 0.48  1.95 0.031 0.67  1 
 83 G327.116-00.294 1  23.8 0.08  0.25  4.45 0.057 1.09  2 
 84 G327.116-00.294 2   7.0 0.057 0.14  2.56 0.064 1.22  2 
 85 G327.116-00.294 3   2.1 0.035 0.12  1.95 0.055 1.04  0 
 86 G327.116-00.294 4   2.7 0.047 0.08  7.23 0.076 1.46  0 
 87 G331.372-00.116 1  33.5 0.11  0.18  4.45 0.077 1.44  2 
 88 G331.372-00.116 2   5.1 0.039 0.22  2.56 0.042 0.78  0 
 89 G331.372-00.116 3   4.7 0.04  0.20  1.95 0.044 0.83  0 
 90 G331.372-00.116 4   4.4 0.051 0.11  7.23 0.067 1.26  2 
 91 G332.969-00.029 1  11.5 0.073 0.14  4.45 0.067 1.13  1 
 92 G332.969-00.029 2  26.6 0.13  0.10  2.56 0.105 1.76  3 
 93 G332.969-00.029 3   7.8 0.068 0.11  1.95 0.073 1.22  1 
 94 G333.016-00.751 1  19.0 0.105 0.11  4.45 0.108 2.52  0 
 95 G333.481-00.224 1  15.6 0.045 0.51  4.45 0.034 0.87  4 
 96 G333.481-00.224 2  10.7 0.041 0.43  2.56 0.036 0.9   1 
 97 G333.481-00.224 3   2.4 0.035 0.13  1.95 0.059 1.49  2 
 98 G333.524-00.269 1  78.3 0.102 0.50  4.45 0.056 1.57 14 
 99 G333.524-00.269 2   6.8 0.032 0.44  2.56 0.033 0.93  1 
100 G333.524-00.269 3   2.3 0.022 0.31  1.95 0.033 0.92  2 
101 G333.524-00.269 4   3.2 0.033 0.20  7.23 0.05  1.41  0 
102 G337.342-00.119 1  15.7 0.089 0.13  4.45 0.084 1.62  0 
103 G337.342-00.119 2   4.6 0.055 0.10  2.56 0.075 1.44  0 
104 G337.342-00.119 3   3.1 0.05  0.08  1.95 0.079 1.53  1 
105 G337.541-00.082 1  33.7 0.065 0.53  4.45 0.032 0.52  3 
106 G337.541-00.082 2  16.9 0.065 0.27  2.56 0.045 0.72  2 
107 G337.541-00.082 3  22.1 0.08  0.23  1.95 0.054 0.87  9 
108 G340.179-00.242 1   8.8 0.082 0.09  4.45 0.097 1.8   0 
109 G340.179-00.242 2   4.8 0.079 0.05  2.56 0.125 2.32  0 
110 G340.179-00.242 3   5.0 0.065 0.08  1.95 0.091 1.69  0 
111 G340.179-00.242 4   2.8 0.051 0.07  7.23 0.085 1.59  0 
112 G340.179-00.242 5   1.5 0.044 0.05 11.72 0.092 1.71  0 
113 G340.222-00.167 1  21.6 0.11  0.12  4.45 0.099 1.97  3 
114 G340.222-00.167 2   6.7 0.056 0.14  2.56 0.065 1.31  2 
115 G340.222-00.167 3   5.9 0.069 0.08  1.95 0.095 1.89  1 
116 G340.232-00.146 1  49.4 0.089 0.41  4.45 0.046 0.86  2 
117 G340.232-00.146 2  32.1 0.092 0.25  2.56 0.06  1.12  4 
118 G340.232-00.146 3   7.0 0.054 0.16  1.95 0.058 1.08  0 
119 G340.398-00.396 1   7.1 0.047 0.22  4.45 0.046 0.82  3 
120 G340.398-00.396 2   9.1 0.056 0.19  2.56 0.053 0.96  1 
121 G340.398-00.396 3  20.3 0.083 0.19  1.95 0.064 1.15  5 
122 G340.398-00.396 4   7.6 0.052 0.19  7.23 0.052 0.93  0 
123 G340.398-00.396 5   3.8 0.036 0.20 11.72 0.042 0.75  1 
124 G340.398-00.396 6   2.1 0.028 0.18 14.69 0.039 0.7   1 
125 G340.398-00.396 7   5.8 0.06  0.11  1.59 0.074 1.33  1 
126 G341.039-00.114 1  11.7 0.049 0.32  4.45 0.04  0.76  4 
127 G341.039-00.114 2   8.7 0.05  0.23  2.56 0.047 0.89  1 
128 G341.039-00.114 3   3.1 0.025 0.33  1.95 0.028 0.53  2 
129 G341.039-00.114 4   9.5 0.054 0.21  7.23 0.051 0.96  3 
130 G343.489-00.416 1  26.0 0.058 0.51  4.45 0.029 0.39  3 
131 G343.489-00.416 2   5.2 0.042 0.20  2.56 0.039 0.53  4 
132 G345.114-00.199 1  30.0 0.09  0.24  4.45 0.054 0.81  6 
133 G345.114-00.199 2   5.0 0.051 0.13  2.56 0.056 0.84  1 
134 G345.114-00.199 3   3.1 0.044 0.10  1.95 0.058 0.87  0 
